---
build/img/dots.png: 2017-03-17 00:41:18.000000000 -04:00
build/img/logo.png: 2017-03-17 00:41:21.000000000 -04:00
